7 28
T->BD1
BD1->BD2
T->BI1
BI1->BI2
T->PD1
PD1->PD2
Cabeza
0 0 0
0 -5 2
0 -10 4
0 -15 6
0 -20 8
0 -25 10
0 -30 12
0 -35 14
0 -40 16
0 -45 18
0 -50 20
0 -55 20
0 -60 18
0 -65 16
0 -70 14
0 -75 12
0 -80 10
0 -80 8
0 -80 6
0 -80 4
0 -80 2
0 -80 0
0 -80 -2
0 -80 -4
0 -80 -6
0 -80 -8
0 -80 -10
0 -80 -12
0 0 0
0 -5 0
0 -10 0
0 -15 0
0 -20 0
0 -25 0
0 -30 0
0 -35 0
0 -40 0
0 -45 0
0 -50 0
0 -55 0
0 -60 0
0 -65 0
0 -80 0
0 -90 0
0 -90 0
0 -90 0
0 -90 0
0 -90 0
0 -90 0
0 -90 0
0 -90 0
0 -90 0
0 -90 0
0 -90 0
0 -90 0
0 -90 0
0 0 0
0 5 2
0 10 4
0 15 6
0 20 8
0 25 10
0 30 12
0 35 14
0 40 16
0 45 18
0 50 20
0 55 20
0 60 18
0 65 16
0 70 14
0 75 12
0 80 10
0 80 8
0 80 6
0 80 8
0 80 10
0 80 12
0 80 14
0 80 16
0 80 18
0 80 20
0 80 22
0 80 24
0 0 0
0 5 0
0 10 0
0 15 0
0 20 0
0 25 0
0 30 0
0 35 0
0 40 0
0 45 0
0 50 0
0 55 0
0 60 0
0 65 0
0 80 0
0 90 0
0 90 0
0 90 0
0 90 0
0 90 0
0 90 0
0 90 0
0 90 0
0 90 0
0 90 0
0 90 0
0 90 0
0 90 0
0 0 0
0 5 2
0 10 4
0 15 6
0 20 8
0 25 10
0 30 12
0 35 14
0 30 16
0 30 18
0 30 20
0 30 20
0 30 18
0 30 16
0 30 14
0 30 12
0 30 10
0 30 8
0 30 6
0 30 8
0 30 10
0 30 12
0 30 14
0 30 16
0 30 18
0 30 20
0 30 22
0 30 24
0 0 0
0 -5 0
0 -10 0
0 -15 0
0 -20 0
0 -25 0
0 -30 0
5 -35 0
10 -30 0
20 -30 0
30 -30 0
40 -30 0
50 -30 0
60 -30 0
70 -30 0
70 -30 0
70 -30 0
70 -30 0
70 -30 0
70 -30 0
70 -30 0
70 -30 0
70 -30 0
70 -30 0
70 -30 0
70 -30 0
70 -30 0
70 -30 0
0 0 0
0 -5 0
0 -10 0
0 -15 0
0 -20 0
0 -25 0
0 -30 0
0 -35 0
0 -30 0
0 -30 0
0 -30 0
0 -30 0
0 -25 0
0 -20 0
0 -15 0
0 -10 0
0 -5 0
0 0 0
0 5 0
0 0 0
0 -5 0
0 -10 0
0 -15 0
0 -20 0
0 -15 0
0 -10 0
0 -5 0
0 0 0
