6 60
T->PI1
T->PD1
T->BI1
BI1->BI2
T->BD1
BD1->BD2
0 0 0
-5    0    0
-10    0    0
-15    0    0
-20    0    0
-25    0    0
-30    0    0
-35    0    0
-40    0    0
-45    0    0
-50    0    0
-55    0    0
-60    0    0
-55    0    0
-50    0    0
-45    0    0
-40    0    0
-35    0    0
-30    0    0
-25    0    0
-20    0    0
-15    0    0
-10    0    0
-5    0    0
0    0    0
-5    0    0
-10    0    0
-15    0    0
-20    0    0
-25    0    0
-30    0    0
-35    0    0
-40    0    0
-45    0    0
-50    0    0
-55    0    0
-60    0    0
-55    0    0
-50    0    0
-45    0    0
-40    0    0
-35    0    0
-30    0    0
-25    0    0
-20    0    0
-15    0    0
-10    0    0
-5    0    0
0    0    0
0    0    0
0    0    0
0    0    0
0    0    0
0    0    0
0    0    0
0    0    0
0    0    0
0    0    0
0    0    0
0    0    0
0    0    0
0    0    0
0    0    0
0    0    0
0    0    0
0    0    0
0    0    0
0    0    0
0    0    0
0    0    0
0    0    0
0    0    0
-5    0    0
-10    0    0
-15    0    0
-20    0    0
-25    0    0
-30    0    0
-35    0    0
-40    0    0   
-45    0    0   
-50    0    0   
-55    0    0   
-60    0    0   
-55    0    0   
-50    0    0   
-45    0    0   
-40    0    0   
-35    0    0   
-30    0    0   
-25    0    0   
-20    0    0   
-15    0    0   
-10    0    0   
-5    0    0   
0    0    0   
-5    0    0
-10    0    0
-15    0    0
-20    0    0
-25    0    0
-30    0    0
-35    0    0
-40    0    0   
-45    0    0   
-50    0    0   
-55    0    0   
-60    0    0   
-55    0    0   
-50    0    0   
-45    0    0   
-40    0    0   
-35    0    0   
-30    0    0   
-25    0    0   
-20    0    0   
-15    0    0   
-10    0    0   
-5    0    0   
0    0    0   
0    0    0 
0    5    0 
0    10    0 
0    15    0 
0    20    0 
0    25    0 
0    30    0 
0    35    0 
0    40    0 
0    45    0 
0    50    0 
0    55    0 
0    60    0 
0    65    0 
0    70    0 
0    70    0 
0    70    0 
0    70    0 
0    70    0 
0    70    0 
0    70    0 
0    70    0 
0    70    0 
0    70    0 
0    70    0 
0    70    0 
0    70    0 
0    70    0 
0    70    0 
0    70    0 
0    70    0 
0    70    0 
0    70    0 
0    70    0 
0    70    0 
0    70    0 
0    70    0 
0    70    0 
0    70    0 
0    70    0 
0    70    0 
0    70    0 
0    70    0 
0    70    0 
0    70    0 
0    70    0 
0    70    0
0    65    0 
0    60    0 
0    55    0 
0    50    0 
0    45    0 
0    40    0 
0    35    0 
0    30    0 
0    25    0 
0    20    0 
0    15    0 
0    10    0 
0    0    0 
0    0    0
0    10    0
0    15    0
0    20    0
0    25    0
0    30    0
0    35    0
0    40    0
0    45    0
0    50    0
0    55    0
0    60    0
0    65    0
0    70    0
0    75    0
0    80    0
0    85    0
0    90    0
0    95    0
0    110    0
0    110    0
0    110    0
0    110    0
0    110    0
0    110    0
0    110    0
0    110    0
0    110    0
0    110    0
0    110    0
0    110    0
0    110    0
0    110    0
0    110    0
0    110    0
0    110    0
0    110    0
0    110    0
0    105    0
0    100    0
0    95    0
0    90    0
0    85    0
0    80    0
0    75    0
0    70    0
0    65    0
0    60    0
0    55    0
0    50    0
0    45    0
0    40    0
0    35    0
0    30    0
0    25    0
0    20    0
0    15    0
0    10    0
0    5    0
0    0    0
0    0    0 
0    -5    0 
0    -10    0 
0    -15    0 
0    -20    0 
0    -25    0 
0    -30    0 
0    -35    0 
0    -40    0 
0    -45    0 
0    -50    0 
0    -55    0 
0    -60    0 
0    -65    0 
0    -70    0 
0    -70    0 
0    -70    0 
0    -70    0 
0    -70    0 
0    -70    0 
0    -70    0 
0    -70    0 
0    -70    0 
0    -70    0 
0    -70    0 
0    -70    0 
0    -70    0 
0    -70    0 
0    -70    0 
0    -70    0 
0    -70    0 
0    -70    0 
0    -70    0 
0    -70    0 
0    -70    0 
0    -70    0 
0    -70    0 
0    -70    0 
0    -70    0 
0    -70    0 
0    -70    0 
0    -70    0 
0    -70    0 
0    -70    0 
0    -70    0 
0    -70    0
0    -65    0 
0    -60    0 
0    -55    0 
0    -50    0 
0    -45    0 
0    -40    0 
0    -35    0 
0    -30    0 
0    -25    0 
0    -20    0 
0    -15    0 
0    -10    0 
0    -05    0 
0    0    0 
0    -0    0
0    -10    0
0    -15    0
0    -20    0
0    -25    0
0    -30    0
0    -35    0
0    -40    0
0    -45    0
0    -50    0
0    -55    0
0    -60    0
0    -65    0
0    -70    0
0    -75    0
0    -80    0
0    -85    0
0    -90    0
0    -95    0
0    -110    0
0    -105    0
0    -100    0
0    -95    0
0    -90    0
0    -85    0
0    -80    0
0    -75    0
0    -70    0
0    -65    0
0    -60    0
0    -55    0
0    -50    0
0    -45    0
0    -40    0
0    -35    0
0    -30    0
0    -25    0
0    -20    0
0    -15    0
0    -10    0
0    0    0
